basis order: C1 2s  C1 2p-1  C1 2p0  C1 2p+1  C2 2s  C2 2p-1  C2 2p0  C2 2p+1   (bond along z)

# R = 0.00 bohr
H
 -0.500847   0.000000   0.000000   0.000000  -2.539742        nan        nan        nan
  0.000000  -0.199168   0.000000   0.000000        nan        nan        nan        nan
  0.000000   0.000000  -0.199168   0.000000        nan        nan        nan        nan
  0.000000   0.000000   0.000000  -0.199168        nan        nan        nan        nan
 -2.539742        nan        nan        nan  -0.500847   0.000000   0.000000   0.000000
       nan        nan        nan        nan   0.000000  -0.199168   0.000000   0.000000
       nan        nan        nan        nan   0.000000   0.000000  -0.199168   0.000000
       nan        nan        nan        nan   0.000000   0.000000   0.000000  -0.199168
S
  1.000000   0.000000   0.000000   0.000000   0.999996        nan        nan        nan
  0.000000   1.000000   0.000000   0.000000        nan        nan        nan        nan
  0.000000   0.000000   1.000000   0.000000        nan        nan        nan        nan
  0.000000   0.000000   0.000000   1.000000        nan        nan        nan        nan
  0.999996        nan        nan        nan   1.000000   0.000000   0.000000   0.000000
       nan        nan        nan        nan   0.000000   1.000000   0.000000   0.000000
       nan        nan        nan        nan   0.000000   0.000000   1.000000   0.000000
       nan        nan        nan        nan   0.000000   0.000000   0.000000   1.000000

# R = 0.40 bohr
H
 -0.500847   0.000000   0.000000   0.000000  -1.209637   0.000000   0.333601   0.000000
  0.000000  -0.199168   0.000000   0.000000  -0.000000  -1.403898   0.000000   0.000000
  0.000000   0.000000  -0.199168   0.000000  -0.333601   0.000000  -1.042467   0.000000
  0.000000   0.000000   0.000000  -0.199168  -0.000000   0.000000   0.000000  -1.403898
 -1.209637  -0.000000  -0.333601  -0.000000  -0.500847   0.000000   0.000000   0.000000
  0.000000  -1.403898   0.000000   0.000000   0.000000  -0.199168   0.000000   0.000000
  0.333601   0.000000  -1.042467   0.000000   0.000000   0.000000  -0.199168   0.000000
  0.000000   0.000000   0.000000  -1.403898   0.000000   0.000000   0.000000  -0.199168
S
  1.000000   0.000000   0.000000   0.000000   0.920792   0.000000   0.120292   0.000000
  0.000000   1.000000   0.000000   0.000000  -0.000000   0.943724  -0.000000  -0.000000
  0.000000   0.000000   1.000000   0.000000  -0.120292  -0.000000   0.836810  -0.000000
  0.000000   0.000000   0.000000   1.000000  -0.000000  -0.000000  -0.000000   0.943724
  0.920792  -0.000000  -0.120292  -0.000000   1.000000   0.000000   0.000000   0.000000
  0.000000   0.943724  -0.000000  -0.000000   0.000000   1.000000   0.000000   0.000000
  0.120292  -0.000000   0.836810  -0.000000   0.000000   0.000000   1.000000   0.000000
  0.000000  -0.000000  -0.000000   0.943724   0.000000   0.000000   0.000000   1.000000

# R = 0.80 bohr
H
 -0.500847   0.000000   0.000000   0.000000  -0.740676  -0.000000  -0.083271  -0.000000
  0.000000  -0.199168   0.000000   0.000000   0.000000  -1.016822   0.000000   0.000000
  0.000000   0.000000  -0.199168   0.000000   0.083271   0.000000  -0.260008   0.000000
  0.000000   0.000000   0.000000  -0.199168   0.000000   0.000000   0.000000  -1.016822
 -0.740676   0.000000   0.083271   0.000000  -0.500847   0.000000   0.000000   0.000000
 -0.000000  -1.016822   0.000000   0.000000   0.000000  -0.199168   0.000000   0.000000
 -0.083271   0.000000  -0.260008   0.000000   0.000000   0.000000  -0.199168   0.000000
 -0.000000   0.000000   0.000000  -1.016822   0.000000   0.000000   0.000000  -0.199168
S
  1.000000   0.000000   0.000000   0.000000   0.808060   0.000000   0.283490   0.000000
  0.000000   1.000000   0.000000   0.000000  -0.000000   0.802811  -0.000000  -0.000000
  0.000000   0.000000   1.000000   0.000000  -0.283490  -0.000000   0.471026  -0.000000
  0.000000   0.000000   0.000000   1.000000  -0.000000  -0.000000  -0.000000   0.802811
  0.808060  -0.000000  -0.283490  -0.000000   1.000000   0.000000   0.000000   0.000000
  0.000000   0.802811  -0.000000  -0.000000   0.000000   1.000000   0.000000   0.000000
  0.283490  -0.000000   0.471026  -0.000000   0.000000   0.000000   1.000000   0.000000
  0.000000  -0.000000  -0.000000   0.802811   0.000000   0.000000   0.000000   1.000000

# R = 1.20 bohr
H
 -0.500847   0.000000   0.000000   0.000000  -0.673187  -0.000000  -0.384288  -0.000000
  0.000000  -0.199168   0.000000   0.000000   0.000000  -0.680321   0.000000   0.000000
  0.000000   0.000000  -0.199168   0.000000   0.384288   0.000000   0.186944   0.000000
  0.000000   0.000000   0.000000  -0.199168   0.000000   0.000000   0.000000  -0.680321
 -0.673187   0.000000   0.384288   0.000000  -0.500847   0.000000   0.000000   0.000000
 -0.000000  -0.680321   0.000000   0.000000   0.000000  -0.199168   0.000000   0.000000
 -0.384288   0.000000   0.186944   0.000000   0.000000   0.000000  -0.199168   0.000000
 -0.000000   0.000000   0.000000  -0.680321   0.000000   0.000000   0.000000  -0.199168
S
  1.000000   0.000000   0.000000   0.000000   0.703195   0.000000   0.415801   0.000000
  0.000000   1.000000   0.000000   0.000000  -0.000000   0.628031  -0.000000  -0.000000
  0.000000   0.000000   1.000000   0.000000  -0.415801  -0.000000   0.096825  -0.000000
  0.000000   0.000000   0.000000   1.000000  -0.000000  -0.000000  -0.000000   0.628031
  0.703195  -0.000000  -0.415801  -0.000000   1.000000   0.000000   0.000000   0.000000
  0.000000   0.628031  -0.000000  -0.000000   0.000000   1.000000   0.000000   0.000000
  0.415801  -0.000000   0.096825  -0.000000   0.000000   0.000000   1.000000   0.000000
  0.000000  -0.000000  -0.000000   0.628031   0.000000   0.000000   0.000000   1.000000

# R = 1.60 bohr
H
 -0.500847   0.000000   0.000000   0.000000  -0.604119  -0.000000  -0.477663  -0.000000
  0.000000  -0.199168   0.000000   0.000000   0.000000  -0.438767   0.000000   0.000000
  0.000000   0.000000  -0.199168   0.000000   0.477663   0.000000   0.350293   0.000000
  0.000000   0.000000   0.000000  -0.199168   0.000000   0.000000   0.000000  -0.438767
 -0.604119   0.000000   0.477663   0.000000  -0.500847   0.000000   0.000000   0.000000
 -0.000000  -0.438767   0.000000   0.000000   0.000000  -0.199168   0.000000   0.000000
 -0.477663   0.000000   0.350293   0.000000   0.000000   0.000000  -0.199168   0.000000
 -0.000000   0.000000   0.000000  -0.438767   0.000000   0.000000   0.000000  -0.199168
S
  1.000000   0.000000   0.000000   0.000000   0.589355   0.000000   0.470272   0.000000
  0.000000   1.000000   0.000000   0.000000  -0.000000   0.458620  -0.000000  -0.000000
  0.000000   0.000000   1.000000   0.000000  -0.470272  -0.000000  -0.174672  -0.000000
  0.000000   0.000000   0.000000   1.000000  -0.000000  -0.000000  -0.000000   0.458620
  0.589355  -0.000000  -0.470272  -0.000000   1.000000   0.000000   0.000000   0.000000
  0.000000   0.458620  -0.000000  -0.000000   0.000000   1.000000   0.000000   0.000000
  0.470272  -0.000000  -0.174672  -0.000000   0.000000   0.000000   1.000000   0.000000
  0.000000  -0.000000  -0.000000   0.458620   0.000000   0.000000   0.000000   1.000000

# R = 2.00 bohr
H
 -0.500847   0.000000   0.000000   0.000000  -0.485528  -0.000000  -0.440530  -0.000000
  0.000000  -0.199168   0.000000   0.000000   0.000000  -0.277725   0.000000   0.000000
  0.000000   0.000000  -0.199168   0.000000   0.440530   0.000000   0.366635   0.000000
  0.000000   0.000000   0.000000  -0.199168   0.000000   0.000000   0.000000  -0.277725
 -0.485528   0.000000   0.440530   0.000000  -0.500847   0.000000   0.000000   0.000000
 -0.000000  -0.277725   0.000000   0.000000   0.000000  -0.199168   0.000000   0.000000
 -0.440530   0.000000   0.366635   0.000000   0.000000   0.000000  -0.199168   0.000000
 -0.000000   0.000000   0.000000  -0.277725   0.000000   0.000000   0.000000  -0.199168
S
  1.000000   0.000000   0.000000   0.000000   0.466654   0.000000   0.449994   0.000000
  0.000000   1.000000   0.000000   0.000000  -0.000000   0.315662  -0.000000  -0.000000
  0.000000   0.000000   1.000000   0.000000  -0.449994  -0.000000  -0.317056  -0.000000
  0.000000   0.000000   0.000000   1.000000  -0.000000  -0.000000  -0.000000   0.315662
  0.466654  -0.000000  -0.449994  -0.000000   1.000000   0.000000   0.000000   0.000000
  0.000000   0.315662  -0.000000  -0.000000   0.000000   1.000000   0.000000   0.000000
  0.449994  -0.000000  -0.317056  -0.000000   0.000000   0.000000   1.000000   0.000000
  0.000000  -0.000000  -0.000000   0.315662   0.000000   0.000000   0.000000   1.000000

# R = 2.08 bohr
H
 -0.500847   0.000000   0.000000   0.000000  -0.463727  -0.000000  -0.428914  -0.000000
  0.000000  -0.199168   0.000000   0.000000   0.000000  -0.253044   0.000000   0.000000
  0.000000   0.000000  -0.199168   0.000000   0.428914   0.000000   0.360854   0.000000
  0.000000   0.000000   0.000000  -0.199168   0.000000   0.000000   0.000000  -0.253044
 -0.463727   0.000000   0.428914   0.000000  -0.500847   0.000000   0.000000   0.000000
 -0.000000  -0.253044   0.000000   0.000000   0.000000  -0.199168   0.000000   0.000000
 -0.428914   0.000000   0.360854   0.000000   0.000000   0.000000  -0.199168   0.000000
 -0.000000   0.000000   0.000000  -0.253044   0.000000   0.000000   0.000000  -0.199168
S
  1.000000   0.000000   0.000000   0.000000   0.442087   0.000000   0.439209   0.000000
  0.000000   1.000000   0.000000   0.000000  -0.000000   0.291036  -0.000000  -0.000000
  0.000000   0.000000   1.000000   0.000000  -0.439209  -0.000000  -0.331514  -0.000000
  0.000000   0.000000   0.000000   1.000000  -0.000000  -0.000000  -0.000000   0.291036
  0.442087  -0.000000  -0.439209  -0.000000   1.000000   0.000000   0.000000   0.000000
  0.000000   0.291036  -0.000000  -0.000000   0.000000   1.000000   0.000000   0.000000
  0.439209  -0.000000  -0.331514  -0.000000   0.000000   0.000000   1.000000   0.000000
  0.000000  -0.000000  -0.000000   0.291036   0.000000   0.000000   0.000000   1.000000

# R = 2.16 bohr
H
 -0.500847   0.000000   0.000000   0.000000  -0.436616  -0.000000  -0.411346  -0.000000
  0.000000  -0.199168   0.000000   0.000000   0.000000  -0.230453   0.000000   0.000000
  0.000000   0.000000  -0.199168   0.000000   0.411346   0.000000   0.352819   0.000000
  0.000000   0.000000   0.000000  -0.199168   0.000000   0.000000   0.000000  -0.230453
 -0.436616   0.000000   0.411346   0.000000  -0.500847   0.000000   0.000000   0.000000
 -0.000000  -0.230453   0.000000   0.000000   0.000000  -0.199168   0.000000   0.000000
 -0.411346   0.000000   0.352819   0.000000   0.000000   0.000000  -0.199168   0.000000
 -0.000000   0.000000   0.000000  -0.230453   0.000000   0.000000   0.000000  -0.199168
S
  1.000000   0.000000   0.000000   0.000000   0.417766   0.000000   0.426758   0.000000
  0.000000   1.000000   0.000000   0.000000  -0.000000   0.267773  -0.000000  -0.000000
  0.000000   0.000000   1.000000   0.000000  -0.426758  -0.000000  -0.341940  -0.000000
  0.000000   0.000000   0.000000   1.000000  -0.000000  -0.000000  -0.000000   0.267773
  0.417766  -0.000000  -0.426758  -0.000000   1.000000   0.000000   0.000000   0.000000
  0.000000   0.267773  -0.000000  -0.000000   0.000000   1.000000   0.000000   0.000000
  0.426758  -0.000000  -0.341940  -0.000000   0.000000   0.000000   1.000000   0.000000
  0.000000  -0.000000  -0.000000   0.267773   0.000000   0.000000   0.000000   1.000000

# R = 2.24 bohr
H
 -0.500847   0.000000   0.000000   0.000000  -0.413775  -0.000000  -0.396425  -0.000000
  0.000000  -0.199168   0.000000   0.000000   0.000000  -0.209777   0.000000   0.000000
  0.000000   0.000000  -0.199168   0.000000   0.396425   0.000000   0.343831   0.000000
  0.000000   0.000000   0.000000  -0.199168   0.000000   0.000000   0.000000  -0.209777
 -0.413775   0.000000   0.396425   0.000000  -0.500847   0.000000   0.000000   0.000000
 -0.000000  -0.209777   0.000000   0.000000   0.000000  -0.199168   0.000000   0.000000
 -0.396425   0.000000   0.343831   0.000000   0.000000   0.000000  -0.199168   0.000000
 -0.000000   0.000000   0.000000  -0.209777   0.000000   0.000000   0.000000  -0.199168
S
  1.000000   0.000000   0.000000   0.000000   0.393810   0.000000   0.412898   0.000000
  0.000000   1.000000   0.000000   0.000000  -0.000000   0.245867  -0.000000  -0.000000
  0.000000   0.000000   1.000000   0.000000  -0.412898  -0.000000  -0.348654  -0.000000
  0.000000   0.000000   0.000000   1.000000  -0.000000  -0.000000  -0.000000   0.245867
  0.393810  -0.000000  -0.412898  -0.000000   1.000000   0.000000   0.000000   0.000000
  0.000000   0.245867  -0.000000  -0.000000   0.000000   1.000000   0.000000   0.000000
  0.412898  -0.000000  -0.348654  -0.000000   0.000000   0.000000   1.000000   0.000000
  0.000000  -0.000000  -0.000000   0.245867   0.000000   0.000000   0.000000   1.000000

# R = 2.32 bohr
H
 -0.500847   0.000000   0.000000   0.000000  -0.388536  -0.000000  -0.378252  -0.000000
  0.000000  -0.199168   0.000000   0.000000   0.000000  -0.190870   0.000000   0.000000
  0.000000   0.000000  -0.199168   0.000000   0.378252   0.000000   0.333123   0.000000
  0.000000   0.000000   0.000000  -0.199168   0.000000   0.000000   0.000000  -0.190870
 -0.388536   0.000000   0.378252   0.000000  -0.500847   0.000000   0.000000   0.000000
 -0.000000  -0.190870   0.000000   0.000000   0.000000  -0.199168   0.000000   0.000000
 -0.378252   0.000000   0.333123   0.000000   0.000000   0.000000  -0.199168   0.000000
 -0.000000   0.000000   0.000000  -0.190870   0.000000   0.000000   0.000000  -0.199168
S
  1.000000   0.000000   0.000000   0.000000   0.370311   0.000000   0.397866   0.000000
  0.000000   1.000000   0.000000   0.000000  -0.000000   0.225300  -0.000000  -0.000000
  0.000000   0.000000   1.000000   0.000000  -0.397866  -0.000000  -0.351985  -0.000000
  0.000000   0.000000   0.000000   1.000000  -0.000000  -0.000000  -0.000000   0.225300
  0.370311  -0.000000  -0.397866  -0.000000   1.000000   0.000000   0.000000   0.000000
  0.000000   0.225300  -0.000000  -0.000000   0.000000   1.000000   0.000000   0.000000
  0.397866  -0.000000  -0.351985  -0.000000   0.000000   0.000000   1.000000   0.000000
  0.000000  -0.000000  -0.000000   0.225300   0.000000   0.000000   0.000000   1.000000

# R = 2.40 bohr
H
 -0.500847   0.000000   0.000000   0.000000  -0.365353  -0.000000  -0.361179  -0.000000
  0.000000  -0.199168   0.000000   0.000000   0.000000  -0.173583   0.000000   0.000000
  0.000000   0.000000  -0.199168   0.000000   0.361179   0.000000   0.322145   0.000000
  0.000000   0.000000   0.000000  -0.199168   0.000000   0.000000   0.000000  -0.173583
 -0.365353   0.000000   0.361179   0.000000  -0.500847   0.000000   0.000000   0.000000
 -0.000000  -0.173583   0.000000   0.000000   0.000000  -0.199168   0.000000   0.000000
 -0.361179   0.000000   0.322145   0.000000   0.000000   0.000000  -0.199168   0.000000
 -0.000000   0.000000   0.000000  -0.173583   0.000000   0.000000   0.000000  -0.199168
S
  1.000000   0.000000   0.000000   0.000000   0.347364   0.000000   0.381897   0.000000
  0.000000   1.000000   0.000000   0.000000  -0.000000   0.206044  -0.000000  -0.000000
  0.000000   0.000000   1.000000   0.000000  -0.381897  -0.000000  -0.352267  -0.000000
  0.000000   0.000000   0.000000   1.000000  -0.000000  -0.000000  -0.000000   0.206044
  0.347364  -0.000000  -0.381897  -0.000000   1.000000   0.000000   0.000000   0.000000
  0.000000   0.206044  -0.000000  -0.000000   0.000000   1.000000   0.000000   0.000000
  0.381897  -0.000000  -0.352267  -0.000000   0.000000   0.000000   1.000000   0.000000
  0.000000  -0.000000  -0.000000   0.206044   0.000000   0.000000   0.000000   1.000000

# R = 2.48 bohr
H
 -0.500847   0.000000   0.000000   0.000000  -0.342408  -0.000000  -0.343376  -0.000000
  0.000000  -0.199168   0.000000   0.000000   0.000000  -0.157788   0.000000   0.000000
  0.000000   0.000000  -0.199168   0.000000   0.343376   0.000000   0.309970   0.000000
  0.000000   0.000000   0.000000  -0.199168   0.000000   0.000000   0.000000  -0.157788
 -0.342408   0.000000   0.343376   0.000000  -0.500847   0.000000   0.000000   0.000000
 -0.000000  -0.157788   0.000000   0.000000   0.000000  -0.199168   0.000000   0.000000
 -0.343376   0.000000   0.309970   0.000000   0.000000   0.000000  -0.199168   0.000000
 -0.000000   0.000000   0.000000  -0.157788   0.000000   0.000000   0.000000  -0.199168
S
  1.000000   0.000000   0.000000   0.000000   0.325049   0.000000   0.365207   0.000000
  0.000000   1.000000   0.000000   0.000000  -0.000000   0.188067  -0.000000  -0.000000
  0.000000   0.000000   1.000000   0.000000  -0.365207  -0.000000  -0.349829  -0.000000
  0.000000   0.000000   0.000000   1.000000  -0.000000  -0.000000  -0.000000   0.188067
  0.325049  -0.000000  -0.365207  -0.000000   1.000000   0.000000   0.000000   0.000000
  0.000000   0.188067  -0.000000  -0.000000   0.000000   1.000000   0.000000   0.000000
  0.365207  -0.000000  -0.349829  -0.000000   0.000000   0.000000   1.000000   0.000000
  0.000000  -0.000000  -0.000000   0.188067   0.000000   0.000000   0.000000   1.000000

# R = 2.56 bohr
H
 -0.500847   0.000000   0.000000   0.000000  -0.319659  -0.000000  -0.325224  -0.000000
  0.000000  -0.199168   0.000000   0.000000   0.000000  -0.143359   0.000000   0.000000
  0.000000   0.000000  -0.199168   0.000000   0.325224   0.000000   0.297858   0.000000
  0.000000   0.000000   0.000000  -0.199168   0.000000   0.000000   0.000000  -0.143359
 -0.319659   0.000000   0.325224   0.000000  -0.500847   0.000000   0.000000   0.000000
 -0.000000  -0.143359   0.000000   0.000000   0.000000  -0.199168   0.000000   0.000000
 -0.325224   0.000000   0.297858   0.000000   0.000000   0.000000  -0.199168   0.000000
 -0.000000   0.000000   0.000000  -0.143359   0.000000   0.000000   0.000000  -0.199168
S
  1.000000   0.000000   0.000000   0.000000   0.303435   0.000000   0.347999   0.000000
  0.000000   1.000000   0.000000   0.000000  -0.000000   0.171327  -0.000000  -0.000000
  0.000000   0.000000   1.000000   0.000000  -0.347999  -0.000000  -0.344997  -0.000000
  0.000000   0.000000   0.000000   1.000000  -0.000000  -0.000000  -0.000000   0.171327
  0.303435  -0.000000  -0.347999  -0.000000   1.000000   0.000000   0.000000   0.000000
  0.000000   0.171327  -0.000000  -0.000000   0.000000   1.000000   0.000000   0.000000
  0.347999  -0.000000  -0.344997  -0.000000   0.000000   0.000000   1.000000   0.000000
  0.000000  -0.000000  -0.000000   0.171327   0.000000   0.000000   0.000000   1.000000

# R = 2.64 bohr
H
 -0.500847   0.000000   0.000000   0.000000  -0.298989  -0.000000  -0.308224  -0.000000
  0.000000  -0.199168   0.000000   0.000000   0.000000  -0.130181   0.000000   0.000000
  0.000000   0.000000  -0.199168   0.000000   0.308224   0.000000   0.285080   0.000000
  0.000000   0.000000   0.000000  -0.199168   0.000000   0.000000   0.000000  -0.130181
 -0.298989   0.000000   0.308224   0.000000  -0.500847   0.000000   0.000000   0.000000
 -0.000000  -0.130181   0.000000   0.000000   0.000000  -0.199168   0.000000   0.000000
 -0.308224   0.000000   0.285080   0.000000   0.000000   0.000000  -0.199168   0.000000
 -0.000000   0.000000   0.000000  -0.130181   0.000000   0.000000   0.000000  -0.199168
S
  1.000000   0.000000   0.000000   0.000000   0.282586   0.000000   0.330466   0.000000
  0.000000   1.000000   0.000000   0.000000  -0.000000   0.155781  -0.000000  -0.000000
  0.000000   0.000000   1.000000   0.000000  -0.330466  -0.000000  -0.338086  -0.000000
  0.000000   0.000000   0.000000   1.000000  -0.000000  -0.000000  -0.000000   0.155781
  0.282586  -0.000000  -0.330466  -0.000000   1.000000   0.000000   0.000000   0.000000
  0.000000   0.155781  -0.000000  -0.000000   0.000000   1.000000   0.000000   0.000000
  0.330466  -0.000000  -0.338086  -0.000000   0.000000   0.000000   1.000000   0.000000
  0.000000  -0.000000  -0.000000   0.155781   0.000000   0.000000   0.000000   1.000000

# R = 2.72 bohr
H
 -0.500847   0.000000   0.000000   0.000000  -0.277489  -0.000000  -0.290025  -0.000000
  0.000000  -0.199168   0.000000   0.000000   0.000000  -0.118154   0.000000   0.000000
  0.000000   0.000000  -0.199168   0.000000   0.290025   0.000000   0.272452   0.000000
  0.000000   0.000000   0.000000  -0.199168   0.000000   0.000000   0.000000  -0.118154
 -0.277489   0.000000   0.290025   0.000000  -0.500847   0.000000   0.000000   0.000000
 -0.000000  -0.118154   0.000000   0.000000   0.000000  -0.199168   0.000000   0.000000
 -0.290025   0.000000   0.272452   0.000000   0.000000   0.000000  -0.199168   0.000000
 -0.000000   0.000000   0.000000  -0.118154   0.000000   0.000000   0.000000  -0.199168
S
  1.000000   0.000000   0.000000   0.000000   0.262548   0.000000   0.312775   0.000000
  0.000000   1.000000   0.000000   0.000000  -0.000000   0.141379  -0.000000  -0.000000
  0.000000   0.000000   1.000000   0.000000  -0.312775  -0.000000  -0.329396  -0.000000
  0.000000   0.000000   0.000000   1.000000  -0.000000  -0.000000  -0.000000   0.141379
  0.262548  -0.000000  -0.312775  -0.000000   1.000000   0.000000   0.000000   0.000000
  0.000000   0.141379  -0.000000  -0.000000   0.000000   1.000000   0.000000   0.000000
  0.312775  -0.000000  -0.329396  -0.000000   0.000000   0.000000   1.000000   0.000000
  0.000000  -0.000000  -0.000000   0.141379   0.000000   0.000000   0.000000   1.000000

# R = 2.80 bohr
H
 -0.500847   0.000000   0.000000   0.000000  -0.258806  -0.000000  -0.273896  -0.000000
  0.000000  -0.199168   0.000000   0.000000   0.000000  -0.107176   0.000000   0.000000
  0.000000   0.000000  -0.199168   0.000000   0.273896   0.000000   0.259654   0.000000
  0.000000   0.000000   0.000000  -0.199168   0.000000   0.000000   0.000000  -0.107176
 -0.258806   0.000000   0.273896   0.000000  -0.500847   0.000000   0.000000   0.000000
 -0.000000  -0.107176   0.000000   0.000000   0.000000  -0.199168   0.000000   0.000000
 -0.273896   0.000000   0.259654   0.000000   0.000000   0.000000  -0.199168   0.000000
 -0.000000   0.000000   0.000000  -0.107176   0.000000   0.000000   0.000000  -0.199168
S
  1.000000   0.000000   0.000000   0.000000   0.243365   0.000000   0.295086   0.000000
  0.000000   1.000000   0.000000   0.000000  -0.000000   0.128071  -0.000000  -0.000000
  0.000000   0.000000   1.000000   0.000000  -0.295086  -0.000000  -0.319215  -0.000000
  0.000000   0.000000   0.000000   1.000000  -0.000000  -0.000000  -0.000000   0.128071
  0.243365  -0.000000  -0.295086  -0.000000   1.000000   0.000000   0.000000   0.000000
  0.000000   0.128071  -0.000000  -0.000000   0.000000   1.000000   0.000000   0.000000
  0.295086  -0.000000  -0.319215  -0.000000   0.000000   0.000000   1.000000   0.000000
  0.000000  -0.000000  -0.000000   0.128071   0.000000   0.000000   0.000000   1.000000

# R = 2.88 bohr
H
 -0.500847   0.000000   0.000000   0.000000  -0.239247  -0.000000  -0.256546  -0.000000
  0.000000  -0.199168   0.000000   0.000000   0.000000  -0.097164   0.000000   0.000000
  0.000000   0.000000  -0.199168   0.000000   0.256546   0.000000   0.246975   0.000000
  0.000000   0.000000   0.000000  -0.199168   0.000000   0.000000   0.000000  -0.097164
 -0.239247   0.000000   0.256546   0.000000  -0.500847   0.000000   0.000000   0.000000
 -0.000000  -0.097164   0.000000   0.000000   0.000000  -0.199168   0.000000   0.000000
 -0.256546   0.000000   0.246975   0.000000   0.000000   0.000000  -0.199168   0.000000
 -0.000000   0.000000   0.000000  -0.097164   0.000000   0.000000   0.000000  -0.199168
S
  1.000000   0.000000   0.000000   0.000000   0.225062   0.000000   0.277532   0.000000
  0.000000   1.000000   0.000000   0.000000  -0.000000   0.115802  -0.000000  -0.000000
  0.000000   0.000000   1.000000   0.000000  -0.277532  -0.000000  -0.307811  -0.000000
  0.000000   0.000000   0.000000   1.000000  -0.000000  -0.000000  -0.000000   0.115802
  0.225062  -0.000000  -0.277532  -0.000000   1.000000   0.000000   0.000000   0.000000
  0.000000   0.115802  -0.000000  -0.000000   0.000000   1.000000   0.000000   0.000000
  0.277532  -0.000000  -0.307811  -0.000000   0.000000   0.000000   1.000000   0.000000
  0.000000  -0.000000  -0.000000   0.115802   0.000000   0.000000   0.000000   1.000000

# R = 2.96 bohr
H
 -0.500847   0.000000   0.000000   0.000000  -0.222198  -0.000000  -0.241190  -0.000000
  0.000000  -0.199168   0.000000   0.000000   0.000000  -0.088031   0.000000   0.000000
  0.000000   0.000000  -0.199168   0.000000   0.241190   0.000000   0.234516   0.000000
  0.000000   0.000000   0.000000  -0.199168   0.000000   0.000000   0.000000  -0.088031
 -0.222198   0.000000   0.241190   0.000000  -0.500847   0.000000   0.000000   0.000000
 -0.000000  -0.088031   0.000000   0.000000   0.000000  -0.199168   0.000000   0.000000
 -0.241190   0.000000   0.234516   0.000000   0.000000   0.000000  -0.199168   0.000000
 -0.000000   0.000000   0.000000  -0.088031   0.000000   0.000000   0.000000  -0.199168
S
  1.000000   0.000000   0.000000   0.000000   0.207664   0.000000   0.260239   0.000000
  0.000000   1.000000   0.000000   0.000000  -0.000000   0.104518  -0.000000  -0.000000
  0.000000   0.000000   1.000000   0.000000  -0.260239  -0.000000  -0.295434  -0.000000
  0.000000   0.000000   0.000000   1.000000  -0.000000  -0.000000  -0.000000   0.104518
  0.207664  -0.000000  -0.260239  -0.000000   1.000000   0.000000   0.000000   0.000000
  0.000000   0.104518  -0.000000  -0.000000   0.000000   1.000000   0.000000   0.000000
  0.260239  -0.000000  -0.295434  -0.000000   0.000000   0.000000   1.000000   0.000000
  0.000000  -0.000000  -0.000000   0.104518   0.000000   0.000000   0.000000   1.000000

# R = 3.04 bohr
H
 -0.500847   0.000000   0.000000   0.000000  -0.204968  -0.000000  -0.225288  -0.000000
  0.000000  -0.199168   0.000000   0.000000   0.000000  -0.079707   0.000000   0.000000
  0.000000   0.000000  -0.199168   0.000000   0.225288   0.000000   0.222149   0.000000
  0.000000   0.000000   0.000000  -0.199168   0.000000   0.000000   0.000000  -0.079707
 -0.204968   0.000000   0.225288   0.000000  -0.500847   0.000000   0.000000   0.000000
 -0.000000  -0.079707   0.000000   0.000000   0.000000  -0.199168   0.000000   0.000000
 -0.225288   0.000000   0.222149   0.000000   0.000000   0.000000  -0.199168   0.000000
 -0.000000   0.000000   0.000000  -0.079707   0.000000   0.000000   0.000000  -0.199168
S
  1.000000   0.000000   0.000000   0.000000   0.191177   0.000000   0.243310   0.000000
  0.000000   1.000000   0.000000   0.000000  -0.000000   0.094164  -0.000000  -0.000000
  0.000000   0.000000   1.000000   0.000000  -0.243310  -0.000000  -0.282315  -0.000000
  0.000000   0.000000   0.000000   1.000000  -0.000000  -0.000000  -0.000000   0.094164
  0.191177  -0.000000  -0.243310  -0.000000   1.000000   0.000000   0.000000   0.000000
  0.000000   0.094164  -0.000000  -0.000000   0.000000   1.000000   0.000000   0.000000
  0.243310  -0.000000  -0.282315  -0.000000   0.000000   0.000000   1.000000   0.000000
  0.000000  -0.000000  -0.000000   0.094164   0.000000   0.000000   0.000000   1.000000

# R = 3.12 bohr
H
 -0.500847   0.000000   0.000000   0.000000  -0.189342  -0.000000  -0.210664  -0.000000
  0.000000  -0.199168   0.000000   0.000000   0.000000  -0.072120   0.000000   0.000000
  0.000000   0.000000  -0.199168   0.000000   0.210664   0.000000   0.210221   0.000000
  0.000000   0.000000   0.000000  -0.199168   0.000000   0.000000   0.000000  -0.072120
 -0.189342   0.000000   0.210664   0.000000  -0.500847   0.000000   0.000000   0.000000
 -0.000000  -0.072120   0.000000   0.000000   0.000000  -0.199168   0.000000   0.000000
 -0.210664   0.000000   0.210221   0.000000   0.000000   0.000000  -0.199168   0.000000
 -0.000000   0.000000   0.000000  -0.072120   0.000000   0.000000   0.000000  -0.199168
S
  1.000000   0.000000   0.000000   0.000000   0.175609   0.000000   0.226837   0.000000
  0.000000   1.000000   0.000000   0.000000  -0.000000   0.084685  -0.000000  -0.000000
  0.000000   0.000000   1.000000   0.000000  -0.226837  -0.000000  -0.268664  -0.000000
  0.000000   0.000000   0.000000   1.000000  -0.000000  -0.000000  -0.000000   0.084685
  0.175609  -0.000000  -0.226837  -0.000000   1.000000   0.000000   0.000000   0.000000
  0.000000   0.084685  -0.000000  -0.000000   0.000000   1.000000   0.000000   0.000000
  0.226837  -0.000000  -0.268664  -0.000000   0.000000   0.000000   1.000000   0.000000
  0.000000  -0.000000  -0.000000   0.084685   0.000000   0.000000   0.000000   1.000000

# R = 3.20 bohr
H
 -0.500847   0.000000   0.000000   0.000000  -0.174436  -0.000000  -0.196413  -0.000000
  0.000000  -0.199168   0.000000   0.000000   0.000000  -0.065210   0.000000   0.000000
  0.000000   0.000000  -0.199168   0.000000   0.196413   0.000000   0.198434   0.000000
  0.000000   0.000000   0.000000  -0.199168   0.000000   0.000000   0.000000  -0.065210
 -0.174436   0.000000   0.196413   0.000000  -0.500847   0.000000   0.000000   0.000000
 -0.000000  -0.065210   0.000000   0.000000   0.000000  -0.199168   0.000000   0.000000
 -0.196413   0.000000   0.198434   0.000000   0.000000   0.000000  -0.199168   0.000000
 -0.000000   0.000000   0.000000  -0.065210   0.000000   0.000000   0.000000  -0.199168
S
  1.000000   0.000000   0.000000   0.000000   0.160952   0.000000   0.210893   0.000000
  0.000000   1.000000   0.000000   0.000000  -0.000000   0.076026  -0.000000  -0.000000
  0.000000   0.000000   1.000000   0.000000  -0.210893  -0.000000  -0.254671  -0.000000
  0.000000   0.000000   0.000000   1.000000  -0.000000  -0.000000  -0.000000   0.076026
  0.160952  -0.000000  -0.210893  -0.000000   1.000000   0.000000   0.000000   0.000000
  0.000000   0.076026  -0.000000  -0.000000   0.000000   1.000000   0.000000   0.000000
  0.210893  -0.000000  -0.254671  -0.000000   0.000000   0.000000   1.000000   0.000000
  0.000000  -0.000000  -0.000000   0.076026   0.000000   0.000000   0.000000   1.000000

# R = 3.60 bohr
H
 -0.500847   0.000000   0.000000   0.000000  -0.112902  -0.000000  -0.134867  -0.000000
  0.000000  -0.199168   0.000000   0.000000   0.000000  -0.038946   0.000000   0.000000
  0.000000   0.000000  -0.199168   0.000000   0.134867   0.000000   0.145460   0.000000
  0.000000   0.000000   0.000000  -0.199168   0.000000   0.000000   0.000000  -0.038946
 -0.112902   0.000000   0.134867   0.000000  -0.500847   0.000000   0.000000   0.000000
 -0.000000  -0.038946   0.000000   0.000000   0.000000  -0.199168   0.000000   0.000000
 -0.134867   0.000000   0.145460   0.000000   0.000000   0.000000  -0.199168   0.000000
 -0.000000   0.000000   0.000000  -0.038946   0.000000   0.000000   0.000000  -0.199168
S
  1.000000   0.000000   0.000000   0.000000   0.100800   0.000000   0.140839   0.000000
  0.000000   1.000000   0.000000   0.000000  -0.000000   0.043198  -0.000000  -0.000000
  0.000000   0.000000   1.000000   0.000000  -0.140839  -0.000000  -0.184846  -0.000000
  0.000000   0.000000   0.000000   1.000000  -0.000000  -0.000000  -0.000000   0.043198
  0.100800  -0.000000  -0.140839  -0.000000   1.000000   0.000000   0.000000   0.000000
  0.000000   0.043198  -0.000000  -0.000000   0.000000   1.000000   0.000000   0.000000
  0.140839  -0.000000  -0.184846  -0.000000   0.000000   0.000000   1.000000   0.000000
  0.000000  -0.000000  -0.000000   0.043198   0.000000   0.000000   0.000000   1.000000

# R = 4.00 bohr
H
 -0.500847   0.000000   0.000000   0.000000  -0.070390  -0.000000  -0.089027  -0.000000
  0.000000  -0.199168   0.000000   0.000000   0.000000  -0.022735   0.000000   0.000000
  0.000000   0.000000  -0.199168   0.000000   0.089027   0.000000   0.102556   0.000000
  0.000000   0.000000   0.000000  -0.199168   0.000000   0.000000   0.000000  -0.022735
 -0.070390   0.000000   0.089027   0.000000  -0.500847   0.000000   0.000000   0.000000
 -0.000000  -0.022735   0.000000   0.000000   0.000000  -0.199168   0.000000   0.000000
 -0.089027   0.000000   0.102556   0.000000   0.000000   0.000000  -0.199168   0.000000
 -0.000000   0.000000   0.000000  -0.022735   0.000000   0.000000   0.000000  -0.199168
S
  1.000000   0.000000   0.000000   0.000000   0.059951   0.000000   0.088508   0.000000
  0.000000   1.000000   0.000000   0.000000  -0.000000   0.023534  -0.000000  -0.000000
  0.000000   0.000000   1.000000   0.000000  -0.088508  -0.000000  -0.124226  -0.000000
  0.000000   0.000000   0.000000   1.000000  -0.000000  -0.000000  -0.000000   0.023534
  0.059951  -0.000000  -0.088508  -0.000000   1.000000   0.000000   0.000000   0.000000
  0.000000   0.023534  -0.000000  -0.000000   0.000000   1.000000   0.000000   0.000000
  0.088508  -0.000000  -0.124226  -0.000000   0.000000   0.000000   1.000000   0.000000
  0.000000  -0.000000  -0.000000   0.023534   0.000000   0.000000   0.000000   1.000000

# R = 4.40 bohr
H
 -0.500847   0.000000   0.000000   0.000000  -0.042286  -0.000000  -0.056518  -0.000000
  0.000000  -0.199168   0.000000   0.000000   0.000000  -0.012919   0.000000   0.000000
  0.000000   0.000000  -0.199168   0.000000   0.056518   0.000000   0.069488   0.000000
  0.000000   0.000000   0.000000  -0.199168   0.000000   0.000000   0.000000  -0.012919
 -0.042286   0.000000   0.056518   0.000000  -0.500847   0.000000   0.000000   0.000000
 -0.000000  -0.012919   0.000000   0.000000   0.000000  -0.199168   0.000000   0.000000
 -0.056518   0.000000   0.069488   0.000000   0.000000   0.000000  -0.199168   0.000000
 -0.000000   0.000000   0.000000  -0.012919   0.000000   0.000000   0.000000  -0.199168
S
  1.000000   0.000000   0.000000   0.000000   0.033945   0.000000   0.052608   0.000000
  0.000000   1.000000   0.000000   0.000000  -0.000000   0.012311  -0.000000  -0.000000
  0.000000   0.000000   1.000000   0.000000  -0.052608  -0.000000  -0.078135  -0.000000
  0.000000   0.000000   0.000000   1.000000  -0.000000  -0.000000  -0.000000   0.012311
  0.033945  -0.000000  -0.052608  -0.000000   1.000000   0.000000   0.000000   0.000000
  0.000000   0.012311  -0.000000  -0.000000   0.000000   1.000000   0.000000   0.000000
  0.052608  -0.000000  -0.078135  -0.000000   0.000000   0.000000   1.000000   0.000000
  0.000000  -0.000000  -0.000000   0.012311   0.000000   0.000000   0.000000   1.000000

# R = 4.80 bohr
H
 -0.500847   0.000000   0.000000   0.000000  -0.024471  -0.000000  -0.034487  -0.000000
  0.000000  -0.199168   0.000000   0.000000   0.000000  -0.007121   0.000000   0.000000
  0.000000   0.000000  -0.199168   0.000000   0.034487   0.000000   0.045162   0.000000
  0.000000   0.000000   0.000000  -0.199168   0.000000   0.000000   0.000000  -0.007121
 -0.024471   0.000000   0.034487   0.000000  -0.500847   0.000000   0.000000   0.000000
 -0.000000  -0.007121   0.000000   0.000000   0.000000  -0.199168   0.000000   0.000000
 -0.034487   0.000000   0.045162   0.000000   0.000000   0.000000  -0.199168   0.000000
 -0.000000   0.000000   0.000000  -0.007121   0.000000   0.000000   0.000000  -0.199168
S
  1.000000   0.000000   0.000000   0.000000   0.018337   0.000000   0.029688   0.000000
  0.000000   1.000000   0.000000   0.000000  -0.000000   0.006191  -0.000000  -0.000000
  0.000000   0.000000   1.000000   0.000000  -0.029688  -0.000000  -0.046325  -0.000000
  0.000000   0.000000   0.000000   1.000000  -0.000000  -0.000000  -0.000000   0.006191
  0.018337  -0.000000  -0.029688  -0.000000   1.000000   0.000000   0.000000   0.000000
  0.000000   0.006191  -0.000000  -0.000000   0.000000   1.000000   0.000000   0.000000
  0.029688  -0.000000  -0.046325  -0.000000   0.000000   0.000000   1.000000   0.000000
  0.000000  -0.000000  -0.000000   0.006191   0.000000   0.000000   0.000000   1.000000

# R = 5.20 bohr
H
 -0.500847   0.000000   0.000000   0.000000  -0.013634  -0.000000  -0.020211  -0.000000
  0.000000  -0.199168   0.000000   0.000000   0.000000  -0.003797   0.000000   0.000000
  0.000000   0.000000  -0.199168   0.000000   0.020211   0.000000   0.028100   0.000000
  0.000000   0.000000   0.000000  -0.199168   0.000000   0.000000   0.000000  -0.003797
 -0.013634   0.000000   0.020211   0.000000  -0.500847   0.000000   0.000000   0.000000
 -0.000000  -0.003797   0.000000   0.000000   0.000000  -0.199168   0.000000   0.000000
 -0.020211   0.000000   0.028100   0.000000   0.000000   0.000000  -0.199168   0.000000
 -0.000000   0.000000   0.000000  -0.003797   0.000000   0.000000   0.000000  -0.199168
S
  1.000000   0.000000   0.000000   0.000000   0.009467   0.000000   0.015954   0.000000
  0.000000   1.000000   0.000000   0.000000  -0.000000   0.002995  -0.000000  -0.000000
  0.000000   0.000000   1.000000   0.000000  -0.015954  -0.000000  -0.026019  -0.000000
  0.000000   0.000000   0.000000   1.000000  -0.000000  -0.000000  -0.000000   0.002995
  0.009467  -0.000000  -0.015954  -0.000000   1.000000   0.000000   0.000000   0.000000
  0.000000   0.002995  -0.000000  -0.000000   0.000000   1.000000   0.000000   0.000000
  0.015954  -0.000000  -0.026019  -0.000000   0.000000   0.000000   1.000000   0.000000
  0.000000  -0.000000  -0.000000   0.002995   0.000000   0.000000   0.000000   1.000000

# R = 5.60 bohr
H
 -0.500847   0.000000   0.000000   0.000000  -0.007309  -0.000000  -0.011366  -0.000000
  0.000000  -0.199168   0.000000   0.000000   0.000000  -0.001954   0.000000   0.000000
  0.000000   0.000000  -0.199168   0.000000   0.011366   0.000000   0.016716   0.000000
  0.000000   0.000000   0.000000  -0.199168   0.000000   0.000000   0.000000  -0.001954
 -0.007309   0.000000   0.011366   0.000000  -0.500847   0.000000   0.000000   0.000000
 -0.000000  -0.001954   0.000000   0.000000   0.000000  -0.199168   0.000000   0.000000
 -0.011366   0.000000   0.016716   0.000000   0.000000   0.000000  -0.199168   0.000000
 -0.000000   0.000000   0.000000  -0.001954   0.000000   0.000000   0.000000  -0.199168
S
  1.000000   0.000000   0.000000   0.000000   0.004679   0.000000   0.008183   0.000000
  0.000000   1.000000   0.000000   0.000000  -0.000000   0.001395  -0.000000  -0.000000
  0.000000   0.000000   1.000000   0.000000  -0.008183  -0.000000  -0.013894  -0.000000
  0.000000   0.000000   0.000000   1.000000  -0.000000  -0.000000  -0.000000   0.001395
  0.004679  -0.000000  -0.008183  -0.000000   1.000000   0.000000   0.000000   0.000000
  0.000000   0.001395  -0.000000  -0.000000   0.000000   1.000000   0.000000   0.000000
  0.008183  -0.000000  -0.013894  -0.000000   0.000000   0.000000   1.000000   0.000000
  0.000000  -0.000000  -0.000000   0.001395   0.000000   0.000000   0.000000   1.000000

# R = 6.00 bohr
H
 -0.500847   0.000000   0.000000   0.000000  -0.003768  -0.000000  -0.006129  -0.000000
  0.000000  -0.199168   0.000000   0.000000   0.000000  -0.000969   0.000000   0.000000
  0.000000   0.000000  -0.199168   0.000000   0.006129   0.000000   0.009499   0.000000
  0.000000   0.000000   0.000000  -0.199168   0.000000   0.000000   0.000000  -0.000969
 -0.003768   0.000000   0.006129   0.000000  -0.500847   0.000000   0.000000   0.000000
 -0.000000  -0.000969   0.000000   0.000000   0.000000  -0.199168   0.000000   0.000000
 -0.006129   0.000000   0.009499   0.000000   0.000000   0.000000  -0.199168   0.000000
 -0.000000   0.000000   0.000000  -0.000969   0.000000   0.000000   0.000000  -0.199168
S
  1.000000   0.000000   0.000000   0.000000   0.002216   0.000000   0.004013   0.000000
  0.000000   1.000000   0.000000   0.000000  -0.000000   0.000626  -0.000000  -0.000000
  0.000000   0.000000   1.000000   0.000000  -0.004013  -0.000000  -0.007073  -0.000000
  0.000000   0.000000   0.000000   1.000000  -0.000000  -0.000000  -0.000000   0.000626
  0.002216  -0.000000  -0.004013  -0.000000   1.000000   0.000000   0.000000   0.000000
  0.000000   0.000626  -0.000000  -0.000000   0.000000   1.000000   0.000000   0.000000
  0.004013  -0.000000  -0.007073  -0.000000   0.000000   0.000000   1.000000   0.000000
  0.000000  -0.000000  -0.000000   0.000626   0.000000   0.000000   0.000000   1.000000

# R = 6.40 bohr
H
 -0.500847   0.000000   0.000000   0.000000  -0.001866  -0.000000  -0.003168  -0.000000
  0.000000  -0.199168   0.000000   0.000000   0.000000  -0.000463   0.000000   0.000000
  0.000000   0.000000  -0.199168   0.000000   0.003168   0.000000   0.005154   0.000000
  0.000000   0.000000   0.000000  -0.199168   0.000000   0.000000   0.000000  -0.000463
 -0.001866   0.000000   0.003168   0.000000  -0.500847   0.000000   0.000000   0.000000
 -0.000000  -0.000463   0.000000   0.000000   0.000000  -0.199168   0.000000   0.000000
 -0.003168   0.000000   0.005154   0.000000   0.000000   0.000000  -0.199168   0.000000
 -0.000000   0.000000   0.000000  -0.000463   0.000000   0.000000   0.000000  -0.199168
S
  1.000000   0.000000   0.000000   0.000000   0.001007   0.000000   0.001884   0.000000
  0.000000   1.000000   0.000000   0.000000  -0.000000   0.000270  -0.000000  -0.000000
  0.000000   0.000000   1.000000   0.000000  -0.001884  -0.000000  -0.003439  -0.000000
  0.000000   0.000000   0.000000   1.000000  -0.000000  -0.000000  -0.000000   0.000270
  0.001007  -0.000000  -0.001884  -0.000000   1.000000   0.000000   0.000000   0.000000
  0.000000   0.000270  -0.000000  -0.000000   0.000000   1.000000   0.000000   0.000000
  0.001884  -0.000000  -0.003439  -0.000000   0.000000   0.000000   1.000000   0.000000
  0.000000  -0.000000  -0.000000   0.000270   0.000000   0.000000   0.000000   1.000000

# R = 6.80 bohr
H
 -0.500847   0.000000   0.000000   0.000000  -0.000888  -0.000000  -0.001569  -0.000000
  0.000000  -0.199168   0.000000   0.000000   0.000000  -0.000213   0.000000   0.000000
  0.000000   0.000000  -0.199168   0.000000   0.001569   0.000000   0.002671   0.000000
  0.000000   0.000000   0.000000  -0.199168   0.000000   0.000000   0.000000  -0.000213
 -0.000888   0.000000   0.001569   0.000000  -0.500847   0.000000   0.000000   0.000000
 -0.000000  -0.000213   0.000000   0.000000   0.000000  -0.199168   0.000000   0.000000
 -0.001569   0.000000   0.002671   0.000000   0.000000   0.000000  -0.199168   0.000000
 -0.000000   0.000000   0.000000  -0.000213   0.000000   0.000000   0.000000  -0.199168
S
  1.000000   0.000000   0.000000   0.000000   0.000439   0.000000   0.000848   0.000000
  0.000000   1.000000   0.000000   0.000000  -0.000000   0.000113  -0.000000  -0.000000
  0.000000   0.000000   1.000000   0.000000  -0.000848  -0.000000  -0.001600  -0.000000
  0.000000   0.000000   0.000000   1.000000  -0.000000  -0.000000  -0.000000   0.000113
  0.000439  -0.000000  -0.000848  -0.000000   1.000000   0.000000   0.000000   0.000000
  0.000000   0.000113  -0.000000  -0.000000   0.000000   1.000000   0.000000   0.000000
  0.000848  -0.000000  -0.001600  -0.000000   0.000000   0.000000   1.000000   0.000000
  0.000000  -0.000000  -0.000000   0.000113   0.000000   0.000000   0.000000   1.000000

# R = 7.20 bohr
H
 -0.500847   0.000000   0.000000   0.000000  -0.000406  -0.000000  -0.000744  -0.000000
  0.000000  -0.199168   0.000000   0.000000   0.000000  -0.000094   0.000000   0.000000
  0.000000   0.000000  -0.199168   0.000000   0.000744   0.000000   0.001322   0.000000
  0.000000   0.000000   0.000000  -0.199168   0.000000   0.000000   0.000000  -0.000094
 -0.000406   0.000000   0.000744   0.000000  -0.500847   0.000000   0.000000   0.000000
 -0.000000  -0.000094   0.000000   0.000000   0.000000  -0.199168   0.000000   0.000000
 -0.000744   0.000000   0.001322   0.000000   0.000000   0.000000  -0.199168   0.000000
 -0.000000   0.000000   0.000000  -0.000094   0.000000   0.000000   0.000000  -0.199168
S
  1.000000   0.000000   0.000000   0.000000   0.000184   0.000000   0.000366   0.000000
  0.000000   1.000000   0.000000   0.000000  -0.000000   0.000045  -0.000000  -0.000000
  0.000000   0.000000   1.000000   0.000000  -0.000366  -0.000000  -0.000713  -0.000000
  0.000000   0.000000   0.000000   1.000000  -0.000000  -0.000000  -0.000000   0.000045
  0.000184  -0.000000  -0.000366  -0.000000   1.000000   0.000000   0.000000   0.000000
  0.000000   0.000045  -0.000000  -0.000000   0.000000   1.000000   0.000000   0.000000
  0.000366  -0.000000  -0.000713  -0.000000   0.000000   0.000000   1.000000   0.000000
  0.000000  -0.000000  -0.000000   0.000045   0.000000   0.000000   0.000000   1.000000

# R = 7.60 bohr
H
 -0.500847   0.000000   0.000000   0.000000  -0.000178  -0.000000  -0.000338  -0.000000
  0.000000  -0.199168   0.000000   0.000000   0.000000  -0.000040   0.000000   0.000000
  0.000000   0.000000  -0.199168   0.000000   0.000338   0.000000   0.000625   0.000000
  0.000000   0.000000   0.000000  -0.199168   0.000000   0.000000   0.000000  -0.000040
 -0.000178   0.000000   0.000338   0.000000  -0.500847   0.000000   0.000000   0.000000
 -0.000000  -0.000040   0.000000   0.000000   0.000000  -0.199168   0.000000   0.000000
 -0.000338   0.000000   0.000625   0.000000   0.000000   0.000000  -0.199168   0.000000
 -0.000000   0.000000   0.000000  -0.000040   0.000000   0.000000   0.000000  -0.199168
S
  1.000000   0.000000   0.000000   0.000000   0.000074   0.000000   0.000152   0.000000
  0.000000   1.000000   0.000000   0.000000  -0.000000   0.000017  -0.000000  -0.000000
  0.000000   0.000000   1.000000   0.000000  -0.000152  -0.000000  -0.000304  -0.000000
  0.000000   0.000000   0.000000   1.000000  -0.000000  -0.000000  -0.000000   0.000017
  0.000074  -0.000000  -0.000152  -0.000000   1.000000   0.000000   0.000000   0.000000
  0.000000   0.000017  -0.000000  -0.000000   0.000000   1.000000   0.000000   0.000000
  0.000152  -0.000000  -0.000304  -0.000000   0.000000   0.000000   1.000000   0.000000
  0.000000  -0.000000  -0.000000   0.000017   0.000000   0.000000   0.000000   1.000000

# R = 8.00 bohr
H
 -0.500847   0.000000   0.000000   0.000000  -0.000075  -0.000000  -0.000147  -0.000000
  0.000000  -0.199168   0.000000   0.000000   0.000000  -0.000016   0.000000   0.000000
  0.000000   0.000000  -0.199168   0.000000   0.000147   0.000000   0.000282   0.000000
  0.000000   0.000000   0.000000  -0.199168   0.000000   0.000000   0.000000  -0.000016
 -0.000075   0.000000   0.000147   0.000000  -0.500847   0.000000   0.000000   0.000000
 -0.000000  -0.000016   0.000000   0.000000   0.000000  -0.199168   0.000000   0.000000
 -0.000147   0.000000   0.000282   0.000000   0.000000   0.000000  -0.199168   0.000000
 -0.000000   0.000000   0.000000  -0.000016   0.000000   0.000000   0.000000  -0.199168
S
  1.000000   0.000000   0.000000   0.000000   0.000029   0.000000   0.000060   0.000000
  0.000000   1.000000   0.000000   0.000000  -0.000000   0.000007  -0.000000  -0.000000
  0.000000   0.000000   1.000000   0.000000  -0.000060  -0.000000  -0.000124  -0.000000
  0.000000   0.000000   0.000000   1.000000  -0.000000  -0.000000  -0.000000   0.000007
  0.000029  -0.000000  -0.000060  -0.000000   1.000000   0.000000   0.000000   0.000000
  0.000000   0.000007  -0.000000  -0.000000   0.000000   1.000000   0.000000   0.000000
  0.000060  -0.000000  -0.000124  -0.000000   0.000000   0.000000   1.000000   0.000000
  0.000000  -0.000000  -0.000000   0.000007   0.000000   0.000000   0.000000   1.000000
