repulsion_comment=
C-H pool=deriv Rcut=3.0236 lam=None npoints=34

repulsion=
0.18897259582 4.43470098319
0.21731886986 4.23320554357
0.2456651439 4.03888895656
0.27401141795 3.8515759408
0.30235769199 3.67109338839
0.33070396603 3.49727036484
0.35905024007 3.3299381091
0.38739651411 3.16893003357
0.41574278815 3.01408172404
0.4440890622 2.86523093978
0.47243533624 2.72221761346
0.50078161028 2.58488385119
0.52912788432 2.45307393251
0.55747415836 2.3266343104
0.58582043241 2.20541361126
0.61416670645 2.08926263494
0.64251298049 1.97803435471
0.67085925453 1.87158391727
0.69920552857 1.76976864276
0.72755180261 1.67244802474
0.75589807666 1.57948373021
0.7842443507 1.49073959961
0.81259062474 1.4060816468
0.84093689878 1.32537805907
0.86928317282 1.24849919716
0.89762944687 1.17531759522
0.92597572091 1.10570796084
0.95432199495 1.03954717506
0.98266826899 0.976714292319
1.011014543 0.917090540512
1.0393608171 0.86055932096
1.0677070911 0.807006208415
1.0960533652 0.75631895106
1.1243996392 0.708387470512
1.1527459132 0.66310386182
1.1810921873 0.620362393465
1.2094384613 0.580059507358
1.2377847354 0.542093818845
1.2661310094 0.506366116703
1.2944772835 0.472779363139
1.3228235575 0.441238693796
1.3511698315 0.411651417746
1.3795161056 0.383927017494
1.4078623796 0.357977148977
1.4362086537 0.333715641564
1.4645549277 0.311058498056
1.4929012017 0.289923894687
1.5212474758 0.270232181121
1.5495937498 0.251905880457
1.5779400239 0.234869689223
1.6062862979 0.219050477381
1.634632572 0.204377288324
1.662978846 0.190781338878
1.69132512 0.178196019301
1.7196713941 0.166556893282
1.7480176681 0.155801697943
1.7763639422 0.145870343838
1.8047102162 0.136704914953
1.8330564902 0.128249668704
1.8614027643 0.120451035944
1.8897490383 0.113257620952
1.9180953124 0.106620201445
1.9464415864 0.100491728567
1.9747878605 0.0948273268965
2.0031341345 0.0895842944443
2.0314804085 0.0847221026526
2.0598266826 0.0802023963956
2.0881729566 0.0759889939798
2.1165192307 0.0720478871436
2.1448655047 0.0683472410576
2.1732117787 0.0648573943243
2.2015580528 0.0615508589785
2.2299043268 0.0584023204868
2.2582506009 0.0553886377479
2.2865968749 0.0524888430928
2.314943149 0.0496841422842
2.343289423 0.0469579145171
2.371635697 0.0442957124186
2.3999819711 0.0416852620476
2.4283282451 0.0391164628952
2.4566745192 0.0365813878847
2.4850207932 0.0340742833712
2.5133670672 0.031591569142
2.5417133413 0.0291318384165
2.5700596153 0.0266958578461
2.5984058894 0.0242865675142
2.6267521634 0.0219090809363
2.6550984375 0.0195706850599
2.6834447115 0.0172808402648
2.7117909855 0.0150511803626
2.7401372596 0.012895512597
2.7684835336 0.0108298176439
2.7968298077 0.00887224961101
2.8251760817 0.00704313603835
2.8535223557 0.00536497789786
2.8818686298 0.00386244959356
2.9102149038 0.00256239896154
2.9385611779 0.00149384726995
2.9669074519 0.000687989218978
2.995253726 0.000178192940891
3.0236 0
